
1533
1917

1191
179

63
404

205
1367

884
1380

185
150

895
815

1531
1970

455
311

1105
601

1015
1733

764
22

872
288

1081
777

494
790

169
1065

559
1665

1337
1531

1841
1097

179
1607

1748
1352

1090
87

1491
1792

697
2

1967
1108

502
617

1313
1258

912
566

1053
1351

1213
1365

85
1292

307
1048

1322
1470

957
476

1427
328

1773
36

1473
82

1306
1939

881
323

207
201

534
1292

417
380

62
1562

821
1400

1798
252

710
1280

190
861

1332
1078

352
1683

1188
1269

815
1116

19
1885

1716
842

223
382

1375
503

496
1058

369
1507

1358
1437

1204
594

702
1052

653
612

753
1479

1849
1950

965
1845

1599
74

817
253

1928
1630

1521
1481

762
646

1202
291

3
32

1147
1252

14
426

1780
1098

1511
1416

1109
1757

30
1562

983
365

153
437

1735
1176

261
1824

1277
13

1323
1199

1878
1150

1030
1956

1258
1075

1351
1373

1716
1248

47
1803

1826
908

524
1183

1355
1938

1268
1117

1842
906

1260
1164

1855
569

25
977

204
1664

99
1703

1413
65

1876
401

1471
133

464
1728

1653
775

1817
1658

498
1276

706
539

1404
495

1796
713

866
1228

1478
168

1285
1902

1060
931

220
1994

774
563

884
1788

146
575

782
1569

3
1581

789
988

485
1125

1035
1203

503
1666

973
334

75
943

1017
347

529
460

333
1820

18
1848

342
1963

366
1540

85
757

1592
1270

1232
1012

1664
380

360
329

1420
616

1035
989

65
1912

1259
861

1027
1155

615
1213

824
372

672
670

599
991

1554
678

1974
1114

1941
1741

1537
1450

1645
1417

399
1760

1379
1522

1872
753

447
1976

1964
1035

260
693

1161
1220

1985
260

1179
1872

1830
1298

1547
1178

1118
403

1873
1135

260
1331

1120
675

1893
1041

1174
266

821
996

1436
1428

916
138

883
1287

1543
756

1713
679

125
247

838
1382

539
1477

1036
486

514
839

1007
1869

1379
574

61
800

289
1372

1037
1186

172
1655

1563
554

887
611

1467
1580

1396
1315

944
440

996
1532

1714
471

658
75

711
203

564
1310

1050
1424

1296
703

1990
43

789
968

1844
150

397
1718
